$ANSIBLE_VAULT;1.1;AES256
62623665373430386332343062343464323466353736386637333938356635343533393733313738
6238363931623663386166313630653838633862623031320a333734653032613138363765393439
33653263343434393239383831333536623730373362353237363137653566386134663837373930
6332383362363236320a313766336566663261613661353735623239353334613263613662333536
35333065666264653461343235663966323530643234623931616365656561353861663236643464
61636630613736626635373462343862343165616664353438616566663962343663663364353731
34623432633364326466623033613062326332633938653634316337653939323863363033303232
61643335653864623665636338383439356239386264626433646165616136613761663764326336
39346461646138323031386538303339373830363738366464633936323432393639653738646135
34363335313738643834313664666633663137613839313035346561663838666431363465363433
31616531636635346464383431313166636236643763663030613336383933353766386264343436
63623636303637353065373135613165333962356365356265663164653534663831616131356435
32366563663235613232363039303238643361646236336566613237613363613962663437366339
61316465396666656236643833393730343939323638373437373730666435613335313738386565
62346463626665313039626364383138623132323736626262636131626235613763366137333261
33326230666664373131376666326335313533343265366139626434653239313335663237663232
61346534623030666534373437653539646439316165636365383336363136656364373865326439
31633430313363636264656166393032653831303936623837303763663936623134366365383238
34343132643034393562386137643565623534633463323565636566643037626661626233326439
39333336643538323766363431626661333633373036343235376431363334343862626431653235
35663330313034643761363364613039363237653032373333366432636232326133323531363130
65366438313933383864313837383134323238373564636134386135313938613338373864363962
64396632326366326536323238663635336266643134643963316436383937393662306261373833
62616537383361643964653933626330643537313337616665333130626633613831636561653431
35343565323532613363633462303165386337353439323466383237336566343861356665363738
66313765623766663338333961383731653338343764663939326333303231313866353335393734
32376338393065303463656365633239613965336261356664336137363630373431323938636635
39623737626634623239323333666433393238663636386338636135613061353161643036336138
62373638383565666530643761396661303630663530356665636639343764366432653133643636
32333132613766353430623063646535653039646461633833653365646364613966616263343565
34323037393937366233633137663430376666386138346262386330646563356130616332623238
38376538626335333365313661656638333937353461333234313139386465356365313862393037
64633862346462383164336330646336326261343663613934373235646663386535366265633436
65613939643232303663383632643032303662646635313534653864353138636661613261343636
66613231313034363238623036623166643164666562343938356662393938336637383739373766
64313365653533653561343562623532646439396439393437396338363561366363633533313536
38376364373836313535326533393663353832666331343565333764663565313435373635313161
65363030343134383164353032623639353132363166653732613363643765653862643733613037
34343962366631376238643937376139663634323330323164303431343335326163346464383431
38643334636333386632623863393262313137643064303963373138633962633636303334323837
65323963393537613730373835613833333939623237656262363430643033353330636561646531
35373166393834363338346339316135306134343365356239343362306130353238366334343662
65663332343665353561323762643462653664303436376265613434396433633636613138653830
37373238663231633561356266323864356434643239616232316364383830303266626364643031
38616437636462666134616237393363386537366265643338303933663133313636656133366633
31373962363831373661636233643662313762653833383666363634303332333336656663633132
31376234636333643163303830346536666364333866363539623932303636636635646433623036
38636637663638363431316333613563323930386431393833353637393331353564663764663863
33623765623866613531373134616131356435313138626138316530643062386465633030373230
66663132623735656335383037363537383763386338653331376463353636323439376438373265
64373461336139326363333932636430646131656366323234653731633230633632636164363032
65326134386232373662373461383062633934623133333564326564356364666331633738646365
35656135666131316430656431666434326561323065663033306432353530353238393830303336
33373536666534633761353566633261356430643061363839633137613232623637653734646461
38333733393239363766393834306331633263303933363937383234633261346631653565633961
64366537626339333764353230393661333065363533386261353363326235613537653135663563
37636232623663633230663135383530333438356564376363393634366638343837656235326238
63666237356338376361343730363333633732663536613266353130616666396632663564656636
34336666306434393333366439383762306636376566376464376436396133366664396134396131
36313337333761646231313833356538663934616164373730663632636634336531316232653632
62643836353364393636656662393166303033343133383363623437663166323661343066323832
31633739353261633434353535626365626139633265643236646331313435333936323439366232
61333162393563393533623864323331326239386565616331656530353734616361656531303330
66396634616335313766633562343938313865656635383234373066356466343333623730313331
39363532623936663533643266313236333565373432376566336164666666383666333934666537
38623233636434303939393737323364626465333661626135623165373662323232383863333366
63316339616133633334343334616261643964303039653461643464626263313939623232366162
35646565396638623164656437356532373965636262646666663965666539303932643562643434
36376566303130623535303231373836353735376332363262643733316435373036636466343837
31313665666537633165643337653437383733323735616633326337623531366535613963373866
36363930666263376563633833343265356365656235326636656366646431633431656132323131
35306434633863616662383437653164336664313865313461653035396230303337366666313537
31313461353966633834623032643763353431363831333936643938316365373538663530316133
31323864393566373861396633663938383233656566316539663030396633336535616364343263
63383837663263373336356332386134363437386239326631373734373035333236316335383532
34653031383131646138356364663239303535383435383230643764326539653930643033613236
61656566386639616166633332333562333233346537663930633531336138336332396265336438
34663064623438646565656135323237623462663330353463656233366132393036646231623537
35373032646333623562663164663631383965633233353663393237666164343362326635613230
63303063316331613838396462306336623638633364396266323937663734613033613165623164
38376463316663343730306535623765336133306334363162313561663036353863316330363030
31666235333639646534663738653664383337353262396637343361663561313636643761336462
61383465363039313965666533346538353537313466303832653165316333366362326636396535
66383137626432663537333531373462376435373363646462333132643138336535303733353565
38383164336663336532663664333236306139373834333064313038653263353639363334323066
35386266336262316433666161393066623431373639663532653139346637336236623236646566
33333533363761666364306639336135663533316435323434386139363563643735646238393531
32393236356337333161626337326163656336323764373162323030346233653530626365356239
30636331666332646263396531386335663937393564336533326366356265623339393931326530
62306662393936383861346163656139376230343532393436326633333562353666643034663936
31356435353930646266333165316435323730653631396465656334313762396264343766393461
30636165393734346338303664623364343466393739326662316266663163616537383565363636
65633566376636343030323633303064376633333933366531383132396239386362366438343334
33633435643939653434333238363137353365646165396434653661393039373066316239303230
36343661383364306564363233613063393333633366363837646563393931326331663134303233
30623137303638323262323038643331303839343562616239373633653532613632306432626663
33323666626163383734323363333664373539393662303863656433393764303034316366303965
64326362303736333266393832313236353365326364643332353039653662383264386639343634
39393266343462313163386536366265303363623931666631636662303064383565393832373565
36306337663463316139323861336433313931353863646330393961663031393837393338356438
32346464383632323165313539313738383234636539656433326435326437383834336461613163
34353061373863636133353335663830333061663865636366396534383762636632666439633661
31323764356366363566366666646264376630316631623439363437306235656561623831386462
38623232633261306635646137626564626135303830343435323832623564303033343631393034
38303934386666393036613836303966623332373832356166313562666166633431323835646461
63366465393430323438383232396439653661363961396565646632343634653966666431316264
33643864313164323338643732653832663038613762666162363431396666343339336265353761
62623639356433663065366432333061373538366563653432306430396539303131616138393132
30313436646236323331633938333037333739383530646564353835303235346634636334653537
35646333313633306265646362326639363831303631633063636231623137643838346430386336
37366465306464383330666433636361303038383565363161363763353466633134613131353538
37336664373337653266353534663035353163623966643533316431343734363531323537323766
64623430353662653466656563346534656633353939633232346661333531666631666561623133
31326362626136346532353332346665666362376462613432386234393637616666613766323834
37373465333066633933343236633030333839323931663039393966313566366632323537653837
30303362333461383064386131306666663730383064626566353634376233613739306661366337
34313561616231633238646565346162383863396564636562653730366662646238313732616539
33666437313465313133376531353034346235633037373564643963666665396434386635616362
63343966336338383130666237376430373630363236656139363564616130303737643337303339
38383838313864386336326237343639623564313863366133373730363966386463356461653565
30633661363563313633376239623730663862373335303337623763336136363837616632346536
34346464633536353535613762373163663461663937666262346635613961363533346162636264
66303463346261373863336261353034326531663265646239646363663139386339396462383737
36393561303766333730366265303065363964373861646261623431346531386162373730333966
65623663313666653836363937313036396366623939316634633166313330363530616630366561
35623632356334383935643431323833396436616336323631633032333834643531373062313764
30303165626337343431303332303633663234663065376535353438623764376533316139333037
62356538616333663864366433383831333933336166313463353333663564616535383331376232
64313533316134363663303866623663396339376238646365346632636332356333633965393162
66653064613864333862646639373835653762613366356463623535623334313139396466393862
39356434643730396564616662393930353337666361303664356231613939653938376432633036
61623066326338313335616166633938383035633439646539343631376365613639383061353762
63653530326239383439626463333236303830303662653461393036366633663539336338303262
3430643538616531346433383836303334303066326535366334
