$ANSIBLE_VAULT;1.1;AES256
62663763346636383132303363613236326365393338356338646138636333343932363539313636
3533303831643430303639613631303663366433393663350a646165646634663932316430636431
36666661393732356536643035326364316166333164353131636430386364633633646431636437
3665376136363565380a373365653934613736326532306236653934636538343265383662386433
32376532656239333761356561306239383361633464326665333338623961386438663434343130
63366239383136653432363866326332333762373433613330393033633266383232343162303531
63356466663364353535316232663030633064313139643365656532376538653932626331333066
64376239663933666161643131326134313435393436393065366665633165643339323537363466
61643136353531646163643536343639316162356261616633663737383833653865366362353939
62356465653433306531636130383766346465636132623636633737636466336630616330396333
30313932623561393563643462383036663030636363366334316363373764666262613132356436
39343239313339373666316135383461623537373863336164303737393231393161613761636233
30653237393633663537666662373462653037343432373237356337613432633231653436303436
3461613162336534343937313362343237323934323963333430
